-3.141590226856527668e+00
-3.141572319077064357e+00
-3.141564514637456007e+00
-3.141544133209856149e+00
-3.141540498117736835e+00
-3.141537602005324725e+00
-1.345997986350995978e-04
-3.141525239978423922e+00
-1.481947552381218355e-04
-1.901944379422426939e-04
-3.141470634393465300e+00
-1.948899505999146043e-04
-3.141530781859428689e+00
-3.141492927880735309e+00
-3.141441061735955387e+00
-3.141473808823009861e+00
-3.141375716280455421e+00
-2.528450150014003184e-04
-2.059669017321091747e-04
-3.141334444528351089e+00
-1.627332539009781521e-04
-2.300091858018734931e-04
-1.928715595940036802e-04
-3.141402773235135282e+00
-3.139317729219744280e+00
-3.848085960361926163e-04
-3.139963734898416625e+00
-9.145788613484254030e-04
-4.518702757940000459e-04
-3.109089824165740090e+00
-3.141194154402795480e+00
-3.141287238118206648e+00
-1.505939759482785177e-04
-3.591452476613891226e-04
-2.170929084376274241e-04
-1.650135853366331811e-04
-3.141415212192130380e+00
-1.889054222771813837e-04
-6.172490645974466124e-05
-3.141377075880102510e+00
-5.203175168507537365e-05
-2.598227214089197099e-05
-3.141573934530514034e+00
-4.710332862738220996e-06
7.567753913668524981e-07
4.726742981976444282e-06
-3.141591230013760505e+00
-3.141586136447965139e+00
-3.141556269832131765e+00
-2.340298891321577839e-05
-1.023789073195108014e-05
-1.156246947033955205e-05
-3.141592409217605741e+00
5.485951011985872586e-06
7.410447818531361396e-07
-3.141588497278839043e+00
-3.141572964505903176e+00
-3.141562635511990997e+00
-3.141554945939127652e+00
-2.998249280790070724e-05
-4.528460873832468320e-05
-3.975237831087162423e-05
-3.141542976931757991e+00
-3.141552074761800650e+00
-1.941413380010746558e-05
-3.141544271372937569e+00
-3.141549874500738415e+00
-2.822414240934780920e-05
-3.141532926905943768e+00
-3.886827566804832622e-05
-3.141052817165709055e+00
-3.141551980998857907e+00
-1.915626637407582308e-04
-3.141497182942310396e+00
-6.138210694706070728e-05
-1.336629289840075808e-04
-3.141548104285784682e+00
-1.009298255217578542e-04
-1.051153081231984094e-04
-3.141363669027510852e+00
-3.141305333179412074e+00
-9.896759789920043528e-05
-2.064309719138881160e-04
-3.141495122167402787e+00
-6.737811831776632831e-05
-2.726626231579752668e-04
-3.141534198061143979e+00
-1.019798114597940468e-04
-1.006934601144605766e-04
-2.433485873502708250e-04
-5.440860451857805675e-05
-1.396765736241862764e-05
-3.786729859675030724e-06
1.192122630178481658e-05
3.300473959020056296e-05
3.187901722706765672e-05
3.141572785216070862e+00
2.240675718841651537e-05
3.141575021805500079e+00
3.141583556796277765e+00
-3.141584525601310851e+00
-3.141577382785023076e+00
-2.168474773180545942e-05
-2.994964564543692905e-05
-3.141576083893971916e+00
-1.777970460478056836e-05
-3.141567289178194500e+00
-6.299629361317666890e-06
-3.141589447369977250e+00
-5.210653049485078171e-07
4.199039790847163891e-06
3.141585637762617900e+00
5.043698239449568405e-06
-3.141588316377097900e+00
-3.141576553988524534e+00
-3.141559101555302824e+00
-3.737727899743968499e-05
-6.378900008092847746e-05
-2.144721009120294878e-05
-3.141558126821952790e+00
-3.141556936963458835e+00
-3.518053923827176369e-05
-3.141559458959779505e+00
-2.814646033899280701e-05
-3.141526174439225105e+00
-7.811565209728683337e-05
-5.630971949278360179e-05
-2.994445493318720453e-05
-1.548725371936870187e-05
-3.922970843337052802e-06
1.226104814703335051e-05
3.141574658502347184e+00
1.256437429274962655e-05
3.141581817367318674e+00
-2.457347334806712202e-06
-3.141583721945595098e+00
-9.830372675913808304e-05
-3.141569311088033167e+00
-1.026601346476448638e-04
-3.141523111059510764e+00
-1.926272710600310668e-04
-3.862878864554708459e-05
-3.141555616505167681e+00
-4.196695538937092560e-05
-1.225013419022818887e-04
-1.132041873549017029e-05
-3.141576881571491064e+00
-3.141579150083178451e+00
-4.248180086631717398e-06
-2.064041528955137998e-06
1.837204843914091545e-06
-3.141591876021855523e+00
-1.789881690185407757e-05
-3.141581215140725192e+00
-3.385655538870487025e-05
-3.141570845257021016e+00
-5.995989367165368032e-05
-1.083627064204084470e-04
-2.660432596822305060e-05
-2.585448849656039208e-05
3.336477681286267471e-06
1.588796806456160355e-05
1.816021677395710399e-05
3.141577410540812298e+00
3.141587044266707096e+00
-3.141558003634522755e+00
-3.141581379561382281e+00
-1.476966098102451741e-05
-2.352528392305233151e-05
-4.109324049633974598e-06
8.401160896548950780e-06
3.141537866602055473e+00
3.141577181654797712e+00
2.313085267009738459e-05
1.591652321670519932e-05
3.141574998728399404e+00
3.141591744072880665e+00
-3.141571669435693437e+00
-3.141556921073109798e+00
-7.117330788828388297e-05
-4.878002483791634130e-05
-2.490173286121661220e-05
-2.356219664278677312e-05
-6.003930456468439803e-05
-2.005862420206567099e-04
-3.141555189208113053e+00
-4.431237883151719351e-05
-3.141571261703284268e+00
-3.141537374655741566e+00
-3.141500914927592092e+00
-3.141522083730139414e+00
-4.228658177985256464e-04
-1.610695735486547086e-04
-3.181655238742557709e-05
-3.141522970382502500e+00
-3.141529880043617329e+00
-4.466909201234703028e-05
-1.703600330309206046e-05
-3.141568356841668130e+00
-3.141555499160217035e+00
-2.618949640071780897e-05
-3.141569277081238454e+00
-1.759215952090695164e-05
-3.141555413048346956e+00
-3.141555530451053180e+00
-2.159738175926760703e-05
-1.902039565606740090e-06
8.302990695734777977e-06
2.264175110928709779e-05
3.141561452455446268e+00
3.141568391867783916e+00
1.385765167184255302e-05
3.141586506997136929e+00
-3.141588037186795912e+00
-3.141576961088164754e+00
-2.173588464963375791e-05
-1.427314273012190453e-05
-3.141581476784026439e+00
-6.762493839117198274e-06
1.506396061511582166e-06
1.752618096273444298e-05
3.141576623550789815e+00
1.436754874369403548e-05
3.141552794200168197e+00
3.141586620239359195e+00
1.209012708772058383e-06
-3.141588050669787968e+00
-1.759037209813033928e-05
-3.141575164295034917e+00
-5.050397446389576597e-05
-5.078650215122856225e-05
-2.627669851075417211e-05
-6.123611321552703568e-05
-3.141563099804427939e+00
-1.632368541187174238e-05
-3.141567644944209370e+00
-6.253988746616610561e-06
-6.721130383075931109e-06
-3.141553534227656819e+00
-3.141584437779547656e+00
-2.577713885350589327e-05
-3.141551955527009277e+00
-2.045633855889366476e-04
-3.141521559962856092e+00
-3.141544010901541117e+00
-1.378465541210107047e-05
-3.859877263234477322e-05
-3.141558842125271145e+00
-3.141578583607743447e+00
-7.377460865101000111e-06
-2.676796927473386714e-07
6.941899021462499602e-06
2.654147079745390437e-05
3.141590102271802909e+00
-3.141586382945753098e+00
-3.141580219811635377e+00
-1.288989850271387587e-05
-9.448600808872582865e-06
-3.141587114832089522e+00
4.945309753099035060e-08
1.298896703763836662e-05
3.141588777837918567e+00
8.244397861685768856e-06
1.766633277290305108e-05
1.463581212876419786e-05
3.141585919237255276e+00
3.141592001828812375e+00
-3.141587052953618286e+00
-6.605441047881700980e-06
-1.143705631640632137e-06
5.181634153962288067e-06
3.141576817408415323e+00
3.141588779829615152e+00
-3.141587729492951730e+00
-3.232416892064579947e-05
-3.141520505650587936e+00
-3.141554859880865358e+00
-3.122217386804260355e-05
-4.141861009148279483e-05
-1.871575463584681219e-05
-3.141571922750873380e+00
-2.064264976045435400e-05
-9.055081223834206427e-06
3.718211715532307765e-06
4.468418982003074792e-05
1.612671206947543069e-04
4.492593908193669161e-05
7.360797688692061473e-05
8.867853963523514532e-05
3.141566258505507747e+00
3.141546638447596074e+00
3.141591690098449963e+00
-3.141569845720972420e+00
-5.017079641765859015e-05
-6.084317846238825246e-05
-3.141524463675521073e+00
-3.141564348573381515e+00
-3.141372020669130016e+00
-2.357719683134880501e-05
-1.646899278740843376e-05
-8.999210036966568505e-06
-3.141580517784558158e+00
-3.141578412942103604e+00
-3.141573721773678329e+00
-9.906450318329393669e-06
-1.924558072179457182e-06
8.282970387565235655e-06
1.461877817082059019e-05
3.141580325322275602e+00
3.141589278679922881e+00
-3.141577524740816418e+00
-3.141548022505864513e+00
-3.141561078475167967e+00
-1.999979618712199918e-05
-2.212926950982888725e-05
-3.141568001809610156e+00
-3.141560945046703246e+00
-8.485120251695109288e-06
-1.744174912849419474e-06
1.616374280091512102e-05
2.009347120615919045e-05
5.948943759348235001e-05
3.141564632078579500e+00
4.279322085731482631e-05
3.141530722620316407e+00
3.141573807568055265e+00
3.141573002538799564e+00
5.563309543973603547e-06
3.141591439186214529e+00
5.180813431035220827e-07
3.141589783500160937e+00
3.100856866291232640e-06
3.141583897945358750e+00
-3.141592630327255886e+00
-7.532525583751690532e-06
-3.141577587098330682e+00
-3.141565594771882353e+00
-6.491856054652840147e-05
-3.169778219996871463e-05
-4.949597405964145734e-05
-3.141540209519267712e+00
-3.817007887823846315e-05
-3.141530390031189945e+00
-3.202040105384248818e-05
-3.141531665121316319e+00
-5.281876888160876339e-06
3.008779862090120390e-06
1.133504150392138232e-05
3.141582347325941438e+00
4.778395357660707568e-06
-3.141589770190660325e+00
-3.141583649338954842e+00
-9.165935433660715221e-06
-3.141585604055459502e+00
1.288463167817306470e-06
6.180788333037755753e-06
3.141577833474723747e+00
3.141592525713680750e+00
-3.141585783250715913e+00
-3.141564474760369041e+00
-1.837973012656849949e-05
-3.141574540421825379e+00
-1.814878292929268631e-05
-2.375522444768220824e-06
6.868763340127779782e-06
3.141572874470277554e+00
3.666119394197855230e-05
1.880954700527278888e-05
3.141590833173425246e+00
-3.141581123520913899e+00
-3.141566540054982593e+00
-3.141500953874608371e+00
-6.237843406056352519e-05
-3.336843637309510512e-05
-3.178936834764760724e-05
-3.141567171589319418e+00
-1.840396592563527667e-05
-3.006993473818300008e-06
1.512511516409241276e-05
1.883724449436988539e-05
6.734249612201710536e-05
3.141491349255869370e+00
3.141553140329079064e+00
3.453749389360147033e-05
3.141558492066612196e+00
3.141571037629655727e+00
3.141550102501465602e+00
8.279029474984293615e-06
3.141585630484349689e+00
-3.141590658900710320e+00
-8.827710406271620640e-06
-1.178785265155492232e-05
-1.080188249501295410e-05
3.141590415722788521e+00
6.119982645897247071e-06
1.178117809827633849e-05
3.141577870374436365e+00
2.432553900149078422e-05
3.141572206848966875e+00
-3.141591539163084867e+00
-1.040366720939101494e-05
-3.141584742143444853e+00
-1.034789068056672659e-05
-1.009361105110931021e-05
-3.141585566040215660e+00
-5.349380638784246040e-06
-3.141579466879605320e+00
-3.141580875949125495e+00
-1.263628696977104657e-05
-3.141575230434033639e+00
-7.612002129144628886e-06
-3.141583567294657264e+00
-3.141573183282243775e+00
-6.425485951362082765e-07
-3.141585629901014087e+00
-3.141587477123429561e+00
-3.141582122394588339e+00
-7.603407010716985155e-06
3.511319063102099089e-07
1.170032336117192308e-05
3.141545541822816201e+00
1.836712713294007574e-05
3.141561701880469570e+00
3.141575541267721317e+00
3.141579300037913303e+00
4.334821239876971382e-06
3.141588717414848020e+00
7.181146260480491553e-06
1.649530398092744252e-05
3.141579446869073422e+00
1.402979406154875227e-05
3.141579492465721657e+00
3.141583174572255110e+00
-3.141592619901160788e+00
-1.046243238043922821e-05
-3.141578997340384038e+00
-5.189344883606849016e-05
-3.141569863486614711e+00
-3.141432408658908493e+00
-8.612799224542015708e-05
-7.344525312183600391e-05
-4.361043704609996428e-05
-2.392206921381059874e-05
-3.141571999530062165e+00
-4.350374498221057812e-05
-3.141371713169204938e+00
-5.015206963852486294e-05
-3.141487436172478720e+00
-3.141477944064630545e+00
-3.141542653658435214e+00
-3.141521847073959428e+00
-2.534861007978646621e-04
-3.140154088610491723e+00
-3.141396215201536446e+00
-5.846984261976711134e-05
-3.141510733968652769e+00
-5.774927659119024427e-05
-6.323444947735854264e-05
-5.114831390585103887e-05
-3.141530841987181244e+00
-4.393051709833856221e-05
-3.141556279240337535e+00
-3.474315563630973717e-05
-3.141551971867288628e+00
-7.073642171824648687e-05
-3.133070858185778036e-05
-4.452964830873474010e-05
-1.064759304453529527e-05
8.396662943740763714e-06
1.443170000907983345e-05
3.862725915428946011e-05
3.141549848041556015e+00
5.018347515831398471e-05
6.733885142492952714e-05
6.032004816557884396e-05
3.141557267119484465e+00
3.141548157741842040e+00
3.141579542874624931e+00
-3.141588937849698393e+00
-3.141578813195442077e+00
-1.804518267376617664e-05
-3.141564612477396157e+00
-1.828021790399786596e-05
-8.218043711910374689e-06
1.068193364938969968e-06
3.141583827911392124e+00
2.458096274142435763e-05
3.141579857137053011e+00
1.464246343359446954e-05
3.141583019553799705e+00
7.741807204337072969e-06
3.253709339102870595e-05
2.243411689151827027e-04
3.141507875818038809e+00
3.141567999229244457e+00
1.855257068766056808e-05
1.202157282419091995e-04
8.353422263030048584e-04
3.141564115598769469e+00
6.520948040073928161e-05
8.104874643557815630e-05
3.141344359903973871e+00
3.141579511755820064e+00
3.141540394114402446e+00
3.141589077910558636e+00
7.153022805542286575e-07
-7.255325981120950300e-07
-3.141587984559228719e+00
-3.141574820315633509e+00
-3.141564178057450363e+00
-4.768537779893188379e-05
-3.141562827693381799e+00
-3.362366865514615125e-05
-3.020546932144903323e-05
-3.141566304795419207e+00
-3.141503081322838398e+00
-3.141549998250078968e+00
-1.572518238558804984e-05
-3.141567506532461085e+00
-3.166639528204175724e-06
9.173049665637347555e-06
2.467295563485605525e-05
3.595203637584223639e-05
3.141549259869338417e+00
3.141534362107296641e+00
3.141523473178920334e+00
3.447073563023614264e-05
3.241492043154939020e-05
3.141550482083092177e+00
3.141557255096679491e+00
3.141566573400571105e+00
3.141580084239006254e+00
5.112161399850740620e-06
-3.141589089029997783e+00
-8.284519609009703109e-06
-3.141580215379650820e+00
-3.141576686629832249e+00
-2.516369696407514341e-05
-4.551310571088979228e-05
-3.141525316988003080e+00
-3.141564793570880365e+00
-3.141546041802707911e+00
-4.266152655428448546e-05
-6.793198218440574406e-05
-3.141517172664329394e+00
-3.141343381197049478e+00
-3.141517998371601728e+00
-3.140847053022858049e+00
-2.380316911341001575e-04
-3.725733471703698434e-05
-3.140920205691805300e+00
-3.141512892701753490e+00
-1.035736003596860702e-04
-2.788270235667618085e-05
-3.141535892372308680e+00
-4.063615696251319967e-05
-3.109297920091949261e-04
-3.141537876132585616e+00
-7.386124124358844987e-05
-2.560257522341456831e-05
-2.740010639613391289e-05
-3.141545735177362797e+00
-3.141565401511214883e+00
-3.412086193579023707e-05
-3.141557491550968528e+00
-3.954890536577685707e-05
-1.199947558267773287e-05
-3.141569832563430698e+00
-8.118880846651121503e-06
-3.141588159875626562e+00
-6.714507294077101618e-09
1.135912372340286664e-05
1.432635298882000910e-05
1.807264419258064255e-05
3.141579494033656772e+00
3.141583148508575007e+00
1.470559769891862182e-05
2.004877173407116047e-05
2.702682007764823011e-05
2.631370250364970775e-05
3.141556842060361898e+00
4.079523945211704797e-05
3.141561876454286750e+00
3.141574625086882122e+00
3.141577894603305943e+00
3.054680330428662794e-06
-3.141590206663522622e+00
-6.467279634493236101e-06
-3.141568772271511989e+00
-3.141585474515927068e+00
-7.307215842425544879e-06
-3.433411143498239498e-06
-3.141588677043314348e+00
-3.141585284021085389e+00
-3.141583705633436363e+00
-1.076176656739356749e-05
-3.141521304874938192e+00
-3.141534400433191543e+00
-3.141547185522033825e+00
-2.496904142599508901e-04
-1.717489347718858218e-05
-3.332023062825695638e-05
-6.703033573458974702e-05
-4.030672010237099040e-06
1.292494130650222387e-05
1.211668126964731454e-05
1.994093671592841240e-04
1.794802370153711791e-04
4.065981177912326316e-05
3.141548321227057183e+00
3.141554078476455292e+00
1.890589351019121269e-05
3.141570953792634846e+00
3.277395522880517995e-05
2.209688917748908800e-05
2.251299157680530154e-05
3.141575743244054753e+00
2.820551198486337120e-05
2.903466641094442304e-05
3.141517043430501310e+00
5.723650977580834338e-05
3.141525571760572344e+00
3.141561934483410923e+00
3.141575382509449010e+00
3.141587813678550223e+00
1.114043983724199655e-06
-2.098575946585028187e-06
-3.141586999236055444e+00
-3.141563562628428397e+00
-3.141558818185902879e+00
-3.141560516308053774e+00
-6.058563704676170678e-05
-4.516172781605138107e-05
-3.141556140468849456e+00
-5.615668982485382368e-05
-4.079914913201428725e-05
-3.081369817111509620e-05
-1.070236403982126611e-05
-3.141588791039373607e+00
2.839763976386859941e-06
3.141578945789911703e+00
5.013724258365402886e-05
2.356099120219306536e-05
2.312447261226751208e-05
3.141567866203456294e+00
3.141558327574034415e+00
2.723789697635318200e-05
4.266557732591626608e-05
3.141522952938580193e+00
3.141503674329014562e+00
4.751717943314868385e-05
3.141536347255450057e+00
3.141473195610947400e+00
1.063135858412548852e-04
1.617774001543139468e-04
3.141568833225873547e+00
3.104106903722971217e-05
3.141550580624539180e+00
3.141575356468557345e+00
4.887082337680975823e-05
3.141553016040036894e+00
5.865977553354689573e-06
3.141586357431467302e+00
-3.141584445437783923e+00
-3.141573635823394106e+00
-3.141529793525243086e+00
-3.141366850663688481e+00
-3.141530131824567196e+00
-9.484082942428231444e-05
-3.141458373714910213e+00
-3.141527263357561051e+00
-3.134223920309241846e-05
-2.745756316588545819e-05
-1.235961630161923016e-05
-3.141586391309755033e+00
6.432173028457688327e-06
1.264026399165791617e-05
2.260081448431103401e-05
3.141581103007769382e+00
1.687614086963091757e-05
3.141564409583674777e+00
2.641103048182966113e-05
4.570881415301309699e-05
4.365513703468792641e-05
4.913459564452498968e-05
3.141528493882708606e+00
3.141503470814973831e+00
3.141545750117504809e+00
3.141552526791954847e+00
3.141565106143635155e+00
3.141587853273347442e+00
-4.688967001039107894e-06
-3.141576962966327269e+00
-3.141567413219180427e+00
-3.141388878570355647e+00
-3.141555945533092142e+00
-4.748891276202441383e-05
-6.250287946825305754e-05
-3.141517506125446335e+00
-3.141553177733916957e+00
-3.267097491916156520e-05
-6.935702383231876161e-05
-1.857719145509435080e-05
-3.141515163662949917e+00
-2.804327843144911283e-05
-7.970691306092105889e-05
-3.141231268007332211e+00
-1.086276218742947169e-05
-1.124076335509843726e-05
-3.141584986837076432e+00
-5.001451865277015178e-05
-1.351959221631799464e-05
-2.846493448396235292e-05
-3.141561204797036044e+00
-2.272481704652419215e-05
-1.934164397078322984e-05
-3.141567821513008507e+00
-3.465490829156572962e-05
-6.861341181477000726e-06
-2.160706331240835721e-06
3.141582392465962048e+00
1.676851427861438006e-05
1.765121590432605492e-05
2.083322125732739623e-05
3.141535495470479500e+00
3.141563707151459273e+00
2.982724319215002609e-05
3.819283222781392134e-05
5.090862842628996344e-05
3.141549466762248777e+00
3.141548960055782214e+00
2.982551679892503821e-05
3.141579258058019075e+00
3.141581428673086762e+00
-3.141591115264862566e+00
-8.295200775189862181e-06
-3.141561829454025290e+00
-3.141569640840813360e+00
-3.141558353942814907e+00
-3.938248170802931031e-05
-8.566586885040838200e-05
-3.141557116411132888e+00
-4.074832263327453125e-05
-1.731206936842761746e-05
-1.209302203226185300e-05
3.373350519084353832e-06
3.141571499274770751e+00
2.153992243308949472e-05
3.141550007722854421e+00
4.662132889377026382e-05
3.141511697972942496e+00
3.381138850353889493e-05
3.141568874728501104e+00
3.141566811430580142e+00
1.163666254999967622e-05
3.141583227035222414e+00
3.141591730241560132e+00
-9.882084497288956600e-06
-3.141340853848151760e+00
-1.186858555398037347e-05
-3.141571019896245875e+00
-4.557715603852811786e-06
1.040070685426291213e-06
3.141566509868011448e+00
8.122884969215772095e-06
3.262323068825483748e-05
3.141582810120460589e+00
1.197369412472391807e-05
1.284764298280437879e-05
2.284234590349008817e-05
3.141568785756982063e+00
7.032120212793918927e-05
2.374840563186152157e-05
3.173783947803652410e-04
3.170941826814858885e-05
3.141508041915399563e+00
6.048498295929820469e-05
3.141541610682612173e+00
4.029730866071061496e-05
3.141555157901606776e+00
3.141576503405266063e+00
2.464713327450732878e-05
3.141587738953438791e+00
-1.918548771034133654e-06
-3.141577548517400675e+00
-3.141571619601216891e+00
-3.141569786027299749e+00
-2.356917436789631617e-05
-3.141555077146820363e+00
-1.841559222018040919e-05
-3.141574697094598356e+00
-1.415893279193995428e-05
-3.141575082698087051e+00
-1.155149470121974026e-05
-3.141575874114933331e+00
-3.141499754711597703e+00
-3.110900974252981126e-05
-3.141566031363848044e+00
-3.141468039620655794e+00
-8.019122472554554381e-06
-4.351280492976148848e-06
1.517275226800066395e-05
3.010782544099993672e-05
3.141482769782455442e+00
3.141508768676605001e+00
2.969121347544393703e-05
3.141514724055510133e+00
3.141533373140127594e+00
7.398074840403135409e-05
4.946812417778075077e-05
1.418193737695431535e-04
1.507605356958012217e-04
2.004637745168200722e-04
3.141408555927558410e+00
7.938535931317235498e-05
6.079807614898762448e-05
3.141482816415637647e+00
3.141499575793270438e+00
3.141533592384841977e+00
4.311935594882975592e-05
3.141543072031779626e+00
3.141574733682867215e+00
3.141588205713516047e+00
-6.762341101541244259e-06
-3.141568188442663168e+00
-3.141584250961952929e+00
-2.675995808653701827e-06
-3.141591699177344488e+00
2.509478372135790994e-06
3.654125449767183760e-06
-3.141589577283204981e+00
-3.141579610310557324e+00
-3.141574626947237991e+00
-1.802103016825229478e-05
-1.208881557019068208e-05
-3.141577275099138866e+00
-3.141576319082265201e+00
-1.033377398104858794e-05
-9.623336316578943488e-06
-3.141581141011915435e+00
-3.141579998476252911e+00
-1.189353039852138443e-05
-6.468613904379994047e-06
9.129156860984881188e-06
2.602800203798831397e-05
4.136042278392524350e-05
8.952443873380176264e-05
4.696217278698943027e-05
3.141555817712744059e+00
3.141549337806927689e+00
4.782832943894919383e-05
3.141529352140488118e+00
3.141523983059936853e+00
3.141572807065183603e+00
3.141576921247043686e+00
1.796545977372779259e-05
1.557137417339328239e-05
1.786790744091092670e-05
3.141586160635931879e+00
3.141591344219979209e+00
-3.141583493872338373e+00
-2.967647211597021386e-04
-1.113036704438126274e-05
-4.738622522388613465e-05
-6.871822226639877437e-06
8.598486082538926451e-06
3.141567326876821831e+00
3.141521691772733771e+00
3.141582063387542423e+00
-4.403331446052801262e-06
-3.141567844403860832e+00
-3.141576488785756904e+00
-3.260223549321470174e-05
-3.141570246519236331e+00
-3.141542009901814758e+00
-2.618979477708073618e-05
-9.601505978900493196e-06
-2.516356061632060134e-06
9.065010592544472690e-06
3.141583655177946799e+00
6.800796496643060808e-06
3.141579877958454947e+00
3.141584198452773258e+00
7.038075338580488313e-06
1.570775793896514775e-05
3.141576075247051403e+00
2.041506221157743235e-05
2.262620535255048187e-05
3.141571630683749561e+00
3.141579359563452023e+00
9.768973875059136638e-06
3.141579402748158945e+00
1.490286967328078006e-05
2.143455461946469198e-05
3.141580184238573104e+00
1.501584989300789172e-05
3.141566131171792620e+00
3.141566998116341214e+00
3.141577712408496925e+00
8.652749535314438093e-06
1.504521013687353141e-05
3.141583520058917944e+00
1.538656219840000419e-05
3.111941180056446464e-05
3.141580096657187848e+00
2.451869598539821785e-05
2.153487677230720644e-05
3.141557773769618311e+00
4.172894652233054313e-05
3.141554536145529042e+00
3.141574412221445733e+00
3.753136291298162527e-05
1.613628958109159835e-05
3.141564860155471983e+00
7.911717326907234324e-05
3.141511011254131791e+00
1.568352194082040603e-04
5.658533561033846863e-04
3.130427947833320726e-05
3.141561002454470675e+00
3.141574016349511389e+00
1.048047205322579952e-05
3.141563029930981354e+00
1.492211262103398950e-05
3.141379252408302847e+00
2.559287356312358309e-05
3.141230309277334154e+00
4.252153441554790180e-05
6.605095756485671857e-05
3.141498155177311791e+00
3.141515402277985203e+00
4.969653795798805173e-05
2.950591273740070142e-05
3.141548966777224283e+00
3.141466108929800161e+00
3.141547582746427203e+00
3.141574963383936048e+00
2.086981588971316786e-05
3.023856216391407361e-05
3.034884322758006433e-05
3.141510888738299645e+00
3.141536378237639759e+00
3.141535925688391018e+00
2.957504605490255103e-05
3.141580200619236596e+00
3.141590707307001296e+00
-3.141584028421279928e+00
-1.775995254512557466e-05
-1.211541127639398034e-05
-8.801003715876291289e-06
-3.141591713114031847e+00
5.638878970055252881e-06
6.103430033029674821e-06
3.141572608115728471e+00
3.141469131488943134e+00
1.828892824228322081e-05
3.141543237419020418e+00
7.105904697841072977e-05
4.816696532083247095e-05
1.016264581280428182e-04
5.966604422392676093e-05
3.141542641398495039e+00
3.141383738459085695e+00
1.823249619693720098e-04
3.141391471594786822e+00
1.192248256398239608e-04
1.018873826165981765e-03
6.356007367343127160e-04
3.136549069539039003e+00
4.715978192001763132e-04
1.833531167769874085e-02
3.141254123132620091e+00
3.140921967289516115e+00
7.530471244251643603e-04
3.138064855210310533e+00
2.576020609040910198e-04
2.841128505170751098e-04
3.141474323036194782e+00
3.141451210939387728e+00
1.905753406229999502e-04
3.141342992785324029e+00
1.810661389569048383e-04
3.141475233729471128e+00
3.141513271300623966e+00
3.141490393872257147e+00
3.141495999115739401e+00
3.141474510837942713e+00
6.054144236496081255e-05
2.870427993814162523e-03
1.005503436563778954e-04
1.050395118011167815e-04
3.141460553372724451e+00
2.442546705511922187e-04
3.141501839380120842e+00
3.141485079333111496e+00
3.141520847173170594e+00
3.141539749263335235e+00
3.141555810592734588e+00
3.141565766178991748e+00
3.141582321167105007e+00
